## htsjdk.samtools.metrics.StringHeader
# MarkDuplicates INPUT=[../bams/MR20male2_sorted.bam] OUTPUT=../bams/MR20male2_sorted_marked.bam METRICS_FILE=MR20male2_metrics.txt ASSUME_SORTED=true VALIDATION_STRINGENCY=SILENT    MAX_SEQUENCES_FOR_DISK_READ_ENDS_MAP=50000 MAX_FILE_HANDLES_FOR_READ_ENDS_MAP=8000 SORTING_COLLECTION_SIZE_RATIO=0.25 TAG_DUPLICATE_SET_MEMBERS=false REMOVE_SEQUENCING_DUPLICATES=false TAGGING_POLICY=DontTag CLEAR_DT=true DUPLEX_UMI=false ADD_PG_TAG_TO_READS=true REMOVE_DUPLICATES=false DUPLICATE_SCORING_STRATEGY=SUM_OF_BASE_QUALITIES PROGRAM_RECORD_ID=MarkDuplicates PROGRAM_GROUP_NAME=MarkDuplicates READ_NAME_REGEX=<optimized capture of last three ':' separated fields as numeric values> OPTICAL_DUPLICATE_PIXEL_DISTANCE=100 MAX_OPTICAL_DUPLICATE_SET_SIZE=300000 VERBOSITY=INFO QUIET=false COMPRESSION_LEVEL=5 MAX_RECORDS_IN_RAM=500000 CREATE_INDEX=false CREATE_MD5_FILE=false GA4GH_CLIENT_SECRETS=client_secrets.json USE_JDK_DEFLATER=false USE_JDK_INFLATER=false
## htsjdk.samtools.metrics.StringHeader
# Started on: Wed Dec 15 13:18:52 GMT 2021

## METRICS CLASS	picard.sam.DuplicationMetrics
LIBRARY	UNPAIRED_READS_EXAMINED	READ_PAIRS_EXAMINED	SECONDARY_OR_SUPPLEMENTARY_RDS	UNMAPPED_READS	UNPAIRED_READ_DUPLICATES	READ_PAIR_DUPLICATES	READ_PAIR_OPTICAL_DUPLICATES	PERCENT_DUPLICATION	ESTIMATED_LIBRARY_SIZE
Unknown Library	24755	17038569	363987	556351	8603	2756442	409441	0.161911	53226625

## HISTOGRAM	java.lang.Double
BIN	VALUE	all_sets	optical_sets	non_optical_sets
1.0	1.020895	12206874	0	12484108
2.0	1.762133	1699236	370876	1517216
3.0	2.300321	298284	17218	228707
4.0	2.691081	56714	1067	37651
5.0	2.974799	12021	128	7045
6.0	3.180797	2862	32	1704
7.0	3.330366	1036	13	763
8.0	3.438962	499	6	389
9.0	3.51781	335	4	322
10.0	3.57506	270	2	263
11.0	3.616626	193	0	182
12.0	3.646806	190	0	188
13.0	3.668719	151	2	159
14.0	3.684629	143	1	129
15.0	3.696181	123	1	127
16.0	3.704569	105	1	104
17.0	3.710658	87	0	83
18.0	3.71508	87	0	85
19.0	3.71829	70	0	72
20.0	3.720621	91	0	98
21.0	3.722314	56	1	48
22.0	3.723543	60	0	67
23.0	3.724435	82	0	76
24.0	3.725083	49	0	50
25.0	3.725553	61	0	56
26.0	3.725894	61	0	63
27.0	3.726142	46	0	45
28.0	3.726322	52	0	59
29.0	3.726453	57	0	59
30.0	3.726548	54	0	44
31.0	3.726617	52	0	57
32.0	3.726667	39	0	37
33.0	3.726703	46	0	41
34.0	3.72673	35	0	47
35.0	3.726749	50	0	36
36.0	3.726763	35	0	40
37.0	3.726773	38	0	40
38.0	3.72678	40	0	39
39.0	3.726785	39	0	37
40.0	3.726789	41	0	44
41.0	3.726792	30	0	38
42.0	3.726794	40	0	33
43.0	3.726796	29	0	33
44.0	3.726797	39	0	37
45.0	3.726798	40	0	41
46.0	3.726798	38	0	40
47.0	3.726798	33	0	37
48.0	3.726799	41	0	32
49.0	3.726799	31	0	31
50.0	3.726799	33	0	30
51.0	3.726799	27	0	28
52.0	3.726799	34	0	34
53.0	3.726799	22	0	28
54.0	3.726799	32	0	31
55.0	3.7268	31	0	29
56.0	3.7268	28	0	22
57.0	3.7268	20	0	25
58.0	3.7268	26	0	27
59.0	3.7268	26	0	27
60.0	3.7268	30	0	24
61.0	3.7268	22	0	20
62.0	3.7268	21	0	27
63.0	3.7268	28	0	27
64.0	3.7268	21	0	22
65.0	3.7268	19	0	20
66.0	3.7268	23	0	23
67.0	3.7268	18	0	15
68.0	3.7268	18	0	22
69.0	3.7268	23	0	12
70.0	3.7268	15	0	22
71.0	3.7268	15	0	14
72.0	3.7268	20	0	18
73.0	3.7268	18	0	17
74.0	3.7268	14	0	16
75.0	3.7268	13	0	12
76.0	3.7268	15	0	13
77.0	3.7268	16	0	17
78.0	3.7268	11	0	13
79.0	3.7268	15	0	12
80.0	3.7268	14	0	17
81.0	3.7268	11	0	12
82.0	3.7268	15	0	18
83.0	3.7268	25	0	24
84.0	3.7268	18	0	14
85.0	3.7268	15	0	14
86.0	3.7268	10	0	8
87.0	3.7268	7	0	10
88.0	3.7268	10	0	12
89.0	3.7268	16	0	9
90.0	3.7268	12	0	16
91.0	3.7268	10	0	13
92.0	3.7268	18	0	15
93.0	3.7268	11	0	12
94.0	3.7268	13	0	10
95.0	3.7268	13	0	12
96.0	3.7268	12	0	12
97.0	3.7268	14	0	9
98.0	3.7268	7	0	12
99.0	3.7268	9	0	9
100.0	3.7268	12	0	9
101.0	0	7	0	8
102.0	0	8	0	11
103.0	0	9	0	6
104.0	0	6	0	5
105.0	0	7	0	9
106.0	0	8	0	10
107.0	0	4	0	2
108.0	0	6	0	9
109.0	0	9	0	11
110.0	0	10	0	7
111.0	0	7	0	5
112.0	0	3	0	11
113.0	0	12	0	8
114.0	0	7	0	4
115.0	0	6	0	6
116.0	0	6	0	3
117.0	0	2	0	7
118.0	0	7	0	8
119.0	0	8	0	10
120.0	0	9	0	4
121.0	0	6	0	3
122.0	0	2	0	9
123.0	0	8	0	4
124.0	0	3	0	3
125.0	0	8	0	8
126.0	0	5	0	3
127.0	0	3	0	2
128.0	0	9	0	12
129.0	0	4	0	3
130.0	0	5	0	3
131.0	0	2	0	11
132.0	0	5	0	2
133.0	0	7	0	4
134.0	0	7	0	2
135.0	0	1	0	4
136.0	0	2	0	4
137.0	0	0	0	3
138.0	0	5	0	5
139.0	0	10	0	5
140.0	0	3	0	3
141.0	0	5	0	9
142.0	0	8	0	5
143.0	0	5	0	4
144.0	0	5	0	3
145.0	0	3	0	4
146.0	0	1	0	2
147.0	0	6	0	5
148.0	0	3	0	1
149.0	0	3	0	3
150.0	0	4	0	3
151.0	0	1	0	1
152.0	0	6	0	8
153.0	0	1	0	2
154.0	0	2	0	1
155.0	0	4	0	5
156.0	0	4	0	1
157.0	0	1	0	5
158.0	0	4	0	3
159.0	0	5	0	4
160.0	0	2	0	2
161.0	0	1	0	0
162.0	0	2	0	1
163.0	0	0	0	3
164.0	0	1	0	2
165.0	0	3	0	1
166.0	0	3	0	1
167.0	0	0	0	1
168.0	0	2	0	2
169.0	0	1	0	2
170.0	0	4	0	2
171.0	0	1	0	4
172.0	0	4	0	4
173.0	0	1	0	2
174.0	0	1	0	1
175.0	0	2	0	1
176.0	0	2	0	2
177.0	0	3	0	2
178.0	0	1	0	1
179.0	0	3	0	2
180.0	0	2	0	3
181.0	0	2	0	1
182.0	0	1	0	5
183.0	0	2	0	1
184.0	0	2	0	0
185.0	0	5	0	3
186.0	0	2	0	1
187.0	0	0	0	2
188.0	0	2	0	3
189.0	0	1	0	2
190.0	0	1	0	1
191.0	0	2	0	1
192.0	0	2	0	1
193.0	0	1	0	3
194.0	0	0	0	3
195.0	0	5	0	0
196.0	0	2	0	1
197.0	0	1	0	2
198.0	0	2	0	2
199.0	0	1	0	0
200.0	0	1	0	1
201.0	0	0	0	2
202.0	0	1	0	3
203.0	0	6	0	2
204.0	0	0	0	1
205.0	0	0	0	3
206.0	0	4	0	1
207.0	0	2	0	0
208.0	0	1	0	1
209.0	0	0	0	1
210.0	0	1	0	2
211.0	0	1	0	3
212.0	0	3	0	4
213.0	0	4	0	2
214.0	0	1	0	0
215.0	0	2	0	1
217.0	0	2	0	1
218.0	0	1	0	2
219.0	0	1	0	2
220.0	0	1	0	1
221.0	0	2	0	3
222.0	0	0	0	2
223.0	0	0	0	1
224.0	0	3	0	2
225.0	0	4	0	3
226.0	0	3	0	2
227.0	0	2	0	0
228.0	0	1	0	1
230.0	0	2	0	1
231.0	0	0	0	1
232.0	0	0	0	2
233.0	0	3	0	0
235.0	0	0	0	1
236.0	0	1	0	1
237.0	0	2	0	1
238.0	0	0	0	1
239.0	0	0	0	1
242.0	0	1	0	1
243.0	0	2	0	1
244.0	0	1	0	0
246.0	0	1	0	0
247.0	0	0	0	1
248.0	0	0	0	5
249.0	0	1	0	1
250.0	0	2	0	1
252.0	0	3	0	2
253.0	0	1	0	0
254.0	0	0	0	1
256.0	0	1	0	0
257.0	0	1	0	0
258.0	0	0	0	3
259.0	0	2	0	0
260.0	0	2	0	2
263.0	0	1	0	1
264.0	0	2	0	0
266.0	0	1	0	1
267.0	0	0	0	2
268.0	0	1	0	1
269.0	0	1	0	1
271.0	0	1	0	1
272.0	0	2	0	1
275.0	0	0	0	3
276.0	0	2	0	2
277.0	0	1	0	0
278.0	0	1	0	1
279.0	0	1	0	1
280.0	0	1	0	0
281.0	0	0	0	2
283.0	0	2	0	0
284.0	0	3	0	1
285.0	0	1	0	0
288.0	0	0	0	1
292.0	0	0	0	1
293.0	0	1	0	0
299.0	0	1	0	0
300.0	0	0	0	1
302.0	0	0	0	1
303.0	0	0	0	2
304.0	0	0	0	1
305.0	0	2	0	1
306.0	0	2	0	0
307.0	0	1	0	0
309.0	0	1	0	0
311.0	0	0	0	1
313.0	0	1	0	0
314.0	0	0	0	1
317.0	0	1	0	0
318.0	0	0	0	1
319.0	0	0	0	1
320.0	0	1	0	0
322.0	0	1	0	0
327.0	0	0	0	1
328.0	0	0	0	1
329.0	0	1	0	1
330.0	0	1	0	0
332.0	0	0	0	1
335.0	0	2	0	0
339.0	0	0	0	1
342.0	0	0	0	2
343.0	0	1	0	1
346.0	0	1	0	0
347.0	0	1	0	0
349.0	0	1	0	0
362.0	0	0	0	1
368.0	0	1	0	1
369.0	0	0	0	2
372.0	0	1	0	1
373.0	0	1	0	0
376.0	0	1	0	0
378.0	0	0	0	1
380.0	0	1	0	0
383.0	0	0	0	1
388.0	0	1	0	0
392.0	0	1	0	0
393.0	0	0	0	1
394.0	0	1	0	0
397.0	0	0	0	1
399.0	0	1	0	0
404.0	0	0	0	2
407.0	0	1	0	0
408.0	0	0	0	1
409.0	0	1	0	0
413.0	0	1	0	0
415.0	0	0	0	1
419.0	0	1	0	0
424.0	0	0	0	1
436.0	0	1	0	0
447.0	0	0	0	1
450.0	0	1	0	0
479.0	0	0	0	1
484.0	0	0	0	1
493.0	0	1	0	0
494.0	0	1	0	0
501.0	0	0	0	1
509.0	0	1	0	0
530.0	0	0	0	1
533.0	0	1	0	0
613.0	0	0	0	1
618.0	0	1	0	0
646.0	0	0	0	1
653.0	0	1	0	0
815.0	0	0	0	1
824.0	0	1	0	0

